000000100111
011111111100
000111010001
000011001101
101011110111
011111001011
111001011100
101001011100
111001011010
101110001010
110101001101
110100111101
110101010110
111101010000
010111100100
011111101011
010101101111
100111101001
111110100011
000110001011
101111101000
010010101110
010011001000
110000001010
000001001101
100001100001
110111010100
011000111001
001101100101
011110011010
100100001001
010110010111
111110011101
000010011011
110010110101
010110111010
101111110111
111010100001
010111110111
111101110000
000101001110
000010101110
010011000000
010111010010
011111011000
101010110010
101011000110
100100100111
000101001011
111001011111
000010011110
110010000100
000010010111
010001000111
001101001001
010000100101
111011101100
000000100010
011001110101
111001001110
001101000101
000001011010
101100100111
001100001111
100010111110
100110100111
111111010010
000101111011
000100001000
111111001110
011100111100
110110101001
011001101100
011000110110
111000100110
101001101110
110001101101
111101110101
010100101000
010010110001
101100111010
010110111100
001010001000
110101000111
101000000110
110111110001
101000000100
001000010111
011100111101
001100011100
111100011110
011010110000
000101000100
110111011100
101011111100
000001010001
000100110001
000001101000
011100101111
100000100111
110001100100
010010001111
000101000001
111010100110
101001001010
110100010011
101000110000
110001010111
101111111000
001010100111
010001110100
011000101000
010000000101
001111011100
110101110110
000001010110
111001010001
011011111010
010001000010
111001111011
100011110101
000110111111
101100111001
110100101010
101111010001
001010001100
111111001111
101110011111
100110011010
001010001001
000100101101
001101111100
010011011111
110011101001
010111010111
110111100110
000110100110
011110110000
010000010000
011101010000
011101111011
010101000001
000000010001
000101101101
010000001010
101100100000
011110101010
111110110000
000110100111
101000010000
111100000001
111010110111
001110011110
111001110110
001110010000
011100111000
101110110110
000110110001
100101000101
011011010010
000101001001
010011001001
010111011100
011010000001
111010101100
111111111111
001111100111
111101100111
101110110010
010001101100
010110000100
110010110011
111011111101
100111001000
011001011010
100110110001
111111111000
001011100110
111011100010
111010000100
110010101010
100010011000
100110001111
000010011100
111010101001
000110001000
101010100000
010100011110
101011110110
100001001101
111100111100
100000010010
001101110010
001110011001
101011100100
001111001101
111111110101
001101100111
100100010001
110011101101
101001001100
001000001101
000100010101
111001100101
000010100001
010011100101
101101111110
100100101110
010101001101
100010110001
111101111101
101101101000
001001110010
111011101011
101101010101
111001011101
010110011000
100010111010
101100111000
100001110010
000110111101
001111101100
110101001010
100011000111
000011101011
011011101000
010000100011
110100110000
011010111001
110011010111
111010111101
110001000011
111001001101
110011011000
001011111111
001011100101
010111010000
101001100110
101000001000
110000011101
011000010010
001110000101
111100000101
011000101100
011011111011
010110001111
111000100011
101101011010
101011010111
011001100110
110110111001
001001100110
101110011000
111010010011
110111001100
010011100100
100000000010
001010111011
010010000011
101000001110
010100110111
000110010100
000010111101
000110011011
101010111100
101010100110
000000101001
100100110110
000001111100
000101001101
101100100001
001110110101
001100001000
011010010111
110011011111
100000100011
110111010101
001111010110
001011010001
101101001010
011101011110
110100100101
110110010111
111011110011
000001001011
110010010111
001001010010
011110010001
111110111110
100100101100
110111000110
100111000100
110100011110
111101010011
110011101110
010110100111
100111011100
111001111010
000100111000
100111000011
011101100010
100011010110
011100111001
000011110100
111110001000
100001000010
101010100001
110100101001
110001011001
101010010111
011111110000
111100111001
001000110001
110010001100
010100001100
010110001110
110000001000
111010001000
000100101110
110001010000
001111101101
101100101011
101101010000
011001110011
100010100101
100001100100
111010011010
110111010010
011010011010
110001011101
110111000101
001001111101
001001011001
000000101110
110101110010
110000001111
010101100000
001001100001
111101111001
010100101110
010011110110
011010010011
011111000010
010110010001
001010010111
001110010011
010011100001
010111000100
001110110001
110100101111
101110101001
110100111001
101000011101
100101110100
011000100000
010111100001
100101100001
000001011111
110111110011
010110101101
010110011110
100011101111
010011111010
010101101101
101100110011
011110010100
101010011101
110111001110
101010000000
111001011000
011001110010
101001100101
011011011011
100000111101
000100011101
000110011010
101000101111
000011110101
111100100111
101011100110
101001111001
110111111110
011110001011
011101001101
001011011000
001010111111
100110010111
000000011111
011001000110
000000111100
111101011010
110101011111
101101001101
001001111111
011000110000
001100101000
001000011100
101101010111
111001010101
110101100111
011011110010
011011001100
011101001111
011101000010
100001111001
010011000110
001010110001
001001010100
011110001100
011001101111
100001011011
010011001110
111010001100
000001000101
110101100011
110010001101
000100100101
011101101100
001111000001
101100101000
100000111001
010110100101
110000000011
110011011101
100101010111
011101110110
101010000101
000000011101
011101011001
000001001111
101101011001
110011011100
001011110011
111100111110
101100110111
010010000111
001010110000
011101111100
111110011010
000111110011
001010100011
110011101011
001000100101
111011000111
111001111101
101100000010
100000001000
001010000111
100010101101
000100000011
111000001011
101001100000
100001110111
010110100001
100101000111
110001111000
101100011001
101101100101
010011100111
001001001100
101011000010
011000111000
110110111111
010000011001
011110010010
010000100110
001011101011
001110111100
001010011101
110101011100
110010101110
001111010011
000100111001
011001001010
111010101010
101011100001
101111101110
010100110011
011100000011
101111100101
001100000011
001001000011
110100100110
101100110101
111111011011
110110110001
110101110000
010000011110
011000110011
110110011111
000100100000
100100101101
100010110110
000010101111
110001001100
111111000111
011001001100
000110100010
010101011000
010011111111
000110011100
010011101000
100001000110
101000100101
000001000111
000001010000
110101100101
100111011000
110100000001
101010011000
111110011001
111100001111
000100101011
101010010100
101111011101
011111100001
110010111110
010000110111
000000001101
011111111101
001101000001
101111001111
110000011100
001001011010
001100010001
000000111000
011011110111
000001001000
100010010011
110010010010
010011011100
011110011101
110011010001
011010100110
100100111110
001110101111
001010011001
000010010001
011000001000
011000001001
100110001100
010100101101
010001010010
110010110001
000000000101
101010000010
111110011011
000101101011
001000010010
010010111101
100111000001
100011011100
111111000101
001011111011
101101110110
110000110101
111101101111
100111001001
110011100111
100011000010
111001010000
101011011101
110000001001
011100111010
100010111011
011001000011
100011010011
000101111101
100000010000
101101011111
100110011110
000010001000
001110011011
001010101100
110000100101
100100100011
111011001111
011110100101
010101011001
011110000101
100111111000
001000100110
110000100110
010101110000
001111100110
000001100001
000111011001
001110111010
001000001111
011010111011
101111110100
010010110101
011100101010
100100101011
000011010001
101100100010
011100100000
000011001100
010110110000
011010101011
100110001001
000010001100
111111110000
101111101001
010000001001
101110000110
001100111010
110111000111
111110110011
000010001111
001000101101
011101001010
010100100110
110101110101
001010110011
001111010001
011011101110
110011001101
000101010000
100101100010
110111111001
001011100011
011011001011
110100001111
011001101010
000001010010
111001001001
110010111010
010100110010
101111001101
001001111011
100110010100
011000100001
001100010010
011111111110
100110101100
001000001010
000010001011
010111001010
110001000110
101001000110
000101011000
010011010010
010100001000
101101000101
101110011011
110000101110
011010011110
111100110011
000010000101
111111010101
001000100111
001001011000
011011010111
110100011000
011110011111
101110000010
010011110010
111000010001
110010101101
001101110111
010010111011
111010100111
100100110011
010010100001
111001000100
100111100110
000101000000
100110101110
110111001101
111010111100
111010110100
001010001010
010111100110
101011111001
000001000110
000101110000
011111000000
001110110110
010011110100
110110001001
110000101100
000100101010
010011001101
011111010111
100111000111
000110110011
001100100010
111100000100
000000110011
100111111010
111100010000
010111011011
001111011111
100101110101
110000000100
001001101001
010011100010
110000111000
011101100101
111100000111
010011001111
101010110100
101110110101
110110001011
101010001111
000100101001
000010110100
000000001010
101011010001
011100000111
110110010010
001110100011
000011110001
100010101100
000010110000
101110101111
001100101110
001110000110
100101000110
101111101010
011110110001
110011101000
110100010010
111000010010
110101101010
001100110111
101100000001
010110101000
011101010101
111001101101
101000001001
111010011011
101000000001
000110010010
111000111011
010101000111
010100100001
110001001001
010000101100
100011111101
111000110001
111100100110
100001100111
110011100001
001111110100
110011011110
000110101101
001110000011
001110101100
000011100111
100101010010
010110000010
111101011111
010001100101
000111111011
111111101001
101111100010
001011000000
011011011000
101010010101
101010111011
001001000010
101101100001
011000011111
111101100000
111100111011
011010110100
010101010110
100011001010
010001110001
001001000101
011111001010
000010000110
011111100011
010001001111
000010001010
010001111101
100100110101
011011000101
010100110100
101100101001
111010011000
111010111010
001101000000
001001011111
100101101111
100001000001
100001011001
000001111010
111010010100
111101110010
011110001010
001011000110
001011101111
011001010110
110110101100
110101111000
000111000001
000001101101
011011000011
010010110010
111011100110
000100000100
110100101011
110011000010
100011011101
010100100100
100001111100
110101111010
011110101011
001001110111
001100011010
100001011110
001101010111
101001011110
111010001111
101110100010
011011011101
110111100111
100010000100
110110011010
001111110111
100111001111
100011010010
100000011010
111111111001
111111111100
000101010110
100001011100
011011001000
011001000001
101111000001
000101001111
111101100110
100011000011
011011000000
000101111001
101011011100
000100011001
111000001101
000110010110
110011000001
100000010011
110011111101
100101101101
110101011001
100000100101
010110110111
101011110011
010100001110
110111010000
000011110000
010100111011
101001110111
110111011001
010001111100
101010000001
010110000111
111111100111
001010100110
000011110111
101100010010
000100001100
111010000000
110000100001
010100101100
111000110010
111100001010
100010110111
101001001011
111100010110
000100101111
010010010010
111010001011
011111100101
110010100000
011001001011
011101001100
101011101000
011011010011
100101011100
110110100000
000000011100
000011011110
011111100010
011001000111
111011001010
010100011111
101100111110
101010100100
110001011011
010100000000
001001001111
001011010111
111001100000
000100000101
110101001100
010000010100
001111100011
011101000001
100110001011
110000010001
100010110010
000100001111
110010011011
110100110001
011001001101
000100110010
100010100010
100001100011
000111110010
110000010000
110101110111
100101010011
111100110100
110011111000
111011110100
101111110110
111010110110
100000011011
111111010001
000101111100
110111001011
100000110100
100001110000
001011100100
110111110101
111100010100
010100010000
101001001110
011000110101
010010111111
110100001000
111000011010
100100010000
000001111000
000011111001
111000110101
110100010101
110110010110
100111010010
001000100011
110011110110
101010101110
110010110111
110011010110
100011011111
101011110000
111001101000
000110001111
111101010111
000100110111
000111001101
001000000111
011101010001
111010000111
100101111111
101100001111
101110001011
001100100001
100011011010
110010100111
000011100000
001110110111
011100111011
010010111001
001010111010
001010011111
001110001010
010010101000
010111001000
010001100000
011101101111
011110000111
110000000010
101011000001
101110100100
110010010011
110011000110
011010011011
001011100001
010001010000
100011001011
110111101110
000010000000
000011001011
110011000100
110011011011
011001110111
110001110010
111101000000
011001100000
001000111101
010110011010
101001111110
110111100101
110100111110
110110101011
111000100000
